a001_05.pgm
(36,40) (23,61) (22,216) (50,242) (355,47) 

a001_07.pgm
(439,32) (447,203) (450,212) (19,235) (18,28)

a001_09.pgm
(24,33) (14,54) (434,252) (467,245) (468,264)

a001_10.pgm
(281,206) (290,10) (280,24) (25,25) (275,209)

a002_04.pgm
(36,277) (18,26) (36,32) (448,35) (484,51)

a002_09.pgm
(25,26) (9,60) (51,23) (488,282) (10,267)

a002_10.pgm
(18,30) (9,56) (44,19) (299,206) (18,224)

a003_02.pgm
(10,36) (70,24) (115,14) (440,270) (24,263)

a003_04.pgm
(21,178) (66,189) (56,18) (439,12) (37,29)

a003_05.pgm
(21,231) (55,238) (62,249) (323,12) (79,252) 

a003_07.pgm
(13,25) (16,63) (17,242) (63,271) (458,26)

a003_10.pgm
(296,211) (306,207) (14,24) (36,31) (18,219)

a004_10.pgm
(30,248) (65,273) (23,17) (333,238) (13,161) 

a005_02.pgm
(360,24) (384,32) (389,50) (392,86) (13,134)

a005_07.pgm
(8,290) (45,307) (358,270) (369,275) (19,24)

a005_10.pgm
(19,26) (37,44) (228,255) (228,276) (13,297)

a006_02.pgm
(17,29) (50,20) (365,122) (359,220) (20,215)

a006_05.pgm
(15,208) (61,219) (23,29) (51,38) (317,14)

a006_09.pgm
(399,211) (45,225) (20,25) (40,218) (406,18)

a006_10.pgm
(22,208) (50,208) (77,21) (107,237) (12,108)

a007_02.pgm
(23,40) (66,26) (92,33) (453,295) (415,270)

a007_10.pgm
(15,27) (69,16) (68,24) (414,270) (10,249)

a008_04.pgm
(11,236) (22,23) (31,228) (68,242) (15,219)

a008_07.pgm
(10,185) (16,193) (14,12) (415,217) (40,220)

a008_09.pgm
(12,241) (435,260) (17,17) (453,15) (258,19)

a008_10.pgm
(28,42) (30,271) (139,27) (324,269) (12,43)

a009_04.pgm
(45,39) (47,289) (407,30) (401,286) (460,35)

a009_08.pgm
(41,38) (32,233) (391,222) (396,12) (83,15)

a009_09.pgm
(21,29) (39,275) (401,286) (487,270) (430,285)

a009_10.pgm
(35,18) (20,203) (66,205) (285,220) (13,173)

a010_04.pgm
(35,31) (39,307) (409,11) (495,15) (555,47)

a010_05.pgm
(15,15) (83,10) (426,313) (42,310) (472,315)

a010_07.pgm
(22,28) (13,242) (44,260) (500,279) (74,15)

a010_08.pgm
(469,315) (466,10) (325,7) (20,12) (10,306)

a010_09.pgm
(19,21) (89,25) (25,302) (431,318) (508,297)

a010_10.pgm
(24,19) (68,30) (26,304) (428,313) (144,12)

a011_04.pgm
(18,13) (47,34) (464,21) (472,301) (51,290)

a011_07.pgm
(9,13) (37,18) (17,265) (38,286) (91,289)

a011_10.pgm
(22,17) (50,35) (34,259) (75,24) (400,262)

a012_02.pgm
(15,25) (66,46) (416,292) (35,299) (37,75)

a012_07.pgm
(15,16) (23,198) (30,255) (90,267) (452,21)

a013_02.pgm
(21,19) (31,75) (119,17) (424,264) (15,257)

a013_05.pgm
(21,17) (12,222) (55,244) (121,271) (318,8)

a013_07.pgm
(21,10) (21,224) (31,294) (84,259) (414,27)

a014_03.pgm
(20,19) (65,23) (39,298) (477,15) (71,311)

a014_04.pgm
(27,20) (21,276) (60,295) (399,316) (449,298)

a014_05.pgm
(21,18) (385,24) (419,42) (19,272) (70,300)

a014_07.pgm
(26,22) (393,22) (428,304) (69,11) (62,285)

a014_08.pgm
(97,10) (418,333) (412,339) (399,36) (353,347)

a014_09.pgm
(19,14) (29,283) (452,13) (104,17) (58,304)

